"synonym_id","family_id"
512,373
513,506
515,514
516,273
517,190
518,495
2,423
520,424
521,22
522,383
523,401
524,349
525,397
526,401
7,397
527,135
528,491
529,317
8,397
530,381
531,393
532,214
534,533
535,265
536,423
537,23
538,38
11,41
12,372
539,413
540,214
541,437
542,310
15,123
543,413
544,168
17,23
545,334
546,423
18,505
547,214
548,509
549,95
550,497
552,118
553,461
554,294
555,491
556,499
558,413
559,416
561,393
562,66
563,183
564,214
566,565
567,463
568,41
570,401
571,491
572,214
573,397
574,56
575,118
30,41
576,422
577,214
579,578
580,378
581,286
582,397
583,414
31,41
587,578
588,118
589,345
591,473
592,401
593,378
37,594
595,183
596,422
597,183
598,118
599,393
601,35
602,174
603,422
604,381
605,118
606,320
607,214
608,214
609,39
40,32
611,610
612,273
613,214
614,414
42,505
615,41
616,271
617,273
618,403
619,118
621,135
623,105
624,440
46,199
625,416
626,461
627,214
628,347
629,161
48,1
630,183
631,420
49,421
50,511
632,74
633,214
634,335
635,271
636,134
637,146
638,41
639,134
640,419
642,311
643,190
644,71
647,422
648,578
649,294
650,25
651,105
652,245
653,424
654,169
655,338
65,298
657,433
658,83
659,349
660,416
663,36
664,334
67,507
68,14
665,98
667,298
668,212
669,23
670,133
671,116
72,433
672,114
673,424
674,114
675,298
676,273
677,35
80,146
679,118
680,35
681,134
682,387
81,378
683,280
686,221
687,468
689,422
88,98
690,344
691,98
692,118
693,60
694,514
695,117
696,273
697,118
698,409
699,270
700,437
701,337
97,492
702,310
703,86
704,214
706,23
101,461
707,273
708,397
709,413
710,225
711,349
713,440
714,285
715,214
716,154
717,349
718,337
719,397
104,164
720,352
721,378
722,98
723,308
724,201
725,265
726,214
728,118
729,401
730,414
731,341
732,499
111,416
112,385
113,62
735,134
736,414
737,214
738,413
740,118
741,280
742,223
120,41
743,401
744,66
745,118
746,393
747,105
748,600
749,416
125,60
750,349
752,201
753,61
754,448
755,190
756,130
757,35
758,397
759,135
761,135
762,509
764,121
765,84
136,463
766,463
767,133
140,533
768,280
769,118
770,214
771,214
772,84
773,84
774,345
775,203
776,23
780,52
781,16
782,473
783,491
784,123
149,134
785,269
786,22
787,290
788,115
789,273
152,414
790,505
791,95
792,121
793,386
794,207
795,416
157,76
796,203
158,62
798,90
799,378
800,168
801,416
802,171
803,59
804,183
806,416
163,90
808,226
809,423
810,298
811,454
167,41
812,35
813,503
815,413
816,388
817,294
170,440
818,496
819,298
820,105
821,214
822,118
823,66
824,214
825,169
826,378
827,245
828,290
829,393
830,251
177,183
831,245
178,183
832,341
833,214
181,422
182,187
834,387
185,41
835,121
837,3
838,352
839,41
189,134
840,118
841,335
842,41
843,336
844,422
845,491
846,214
847,320
848,13
195,419
849,416
850,271
851,338
852,226
853,413
854,311
855,407
856,338
857,280
858,352
859,290
860,153
861,23
862,350
863,414
864,221
865,414
866,505
868,286
869,349
870,255
872,23
873,23
874,422
875,255
206,401
876,317
208,378
877,214
210,440
878,473
879,214
215,388
880,378
216,311
881,285
883,221
884,388
885,232
886,52
887,23
888,456
889,245
890,76
891,337
892,433
228,893
894,273
895,836
896,118
897,298
898,66
899,401
900,308
901,52
231,505
903,397
904,414
905,131
906,298
907,95
233,41
908,41
909,389
910,329
911,159
912,298
913,372
235,423
914,98
915,190
236,378
916,107
917,437
918,419
919,26
237,66
920,214
921,29
922,318
238,41
924,923
925,283
926,121
241,41
927,401
928,36
930,78
246,66
931,578
249,137
932,352
933,322
935,151
936,183
937,202
252,82
938,34
253,95
254,431
939,232
940,53
941,273
942,118
943,251
944,349
945,255
947,451
948,255
950,949
951,84
952,338
953,505
954,25
955,135
956,341
957,1
958,319
959,183
960,329
961,3
962,108
963,146
964,244
966,143
968,423
969,265
970,485
971,41
267,39
972,118
973,294
974,52
975,366
976,298
977,294
978,41
979,183
981,980
272,499
982,409
983,273
274,437
275,35
276,66
984,497
985,59
986,290
987,394
988,349
989,422
990,91
991,329
992,214
993,98
994,79
995,23
996,390
279,263
282,16
998,345
999,381
1000,433
1002,413
1004,90
1005,414
1006,295
284,171
1007,378
1008,84
287,41
1010,90
1012,336
1013,52
1014,137
1015,388
1016,336
1017,20
1018,26
1020,414
1021,393
1022,409
1023,393
1024,413
296,356
1025,349
1026,349
1027,384
1029,123
1031,369
1032,280
305,336
306,363
1033,533
307,594
312,417
1034,298
1035,309
1036,1
1037,265
1038,183
1039,13
1040,135
1042,1
1043,565
1044,135
1045,507
1047,214
1048,23
1049,273
1050,334
1053,949
1054,356
1055,432
1056,151
1057,29
1058,165
1059,183
321,90
1060,309
1061,386
1063,118
324,433
1065,225
1066,116
1067,329
328,393
1068,52
1069,245
1070,59
1072,271
1073,23
1075,414
1076,186
1078,397
1079,413
1080,1
1081,84
1082,265
332,533
1084,585
1085,345
1086,401
1088,440
1089,41
1091,335
1092,290
1093,338
1094,349
1095,123
1096,446
1098,341
1099,433
340,359
1101,66
1102,414
1103,41
1105,219
1106,214
1107,23
1108,79
1109,291
1110,41
1111,35
1112,214
1113,422
1114,733
1115,76
1116,565
1117,409
1118,349
1119,23
1120,3
1121,214
1122,273
1123,214
1124,214
1125,308
354,397
355,98
1126,95
1127,356
1128,226
1129,118
1130,214
1131,423
1133,423
1134,533
1135,1087
358,467
1138,298
1139,448
1140,374
1142,169
1143,118
1144,32
1145,91
1146,270
1147,387
1149,372
1150,496
1151,214
1152,473
1153,214
1154,273
1155,533
1156,244
1157,298
1158,384
1159,349
368,505
1160,407
370,383
1162,349
1163,251
1165,416
1166,277
1167,334
1168,25
1169,35
1170,298
377,98
1171,261
1172,388
1174,352
380,397
1175,251
1176,388
1178,32
382,25
1179,59
1180,317
1181,28
1182,41
1183,187
1184,121
1185,578
1187,201
1188,413
1189,98
1190,472
1191,183
1192,419
1193,949
1194,413
1195,565
1196,349
1197,329
1198,290
1199,378
396,416
1200,416
1201,151
1202,352
1203,499
1204,261
398,946
1205,294
1207,183
1208,194
399,336
1210,353
1211,203
1212,59
1213,130
1214,422
1215,460
405,450
1217,271
1218,533
1219,183
1220,425
1221,226
1222,183
1223,413
410,261
1224,441
411,359
1225,980
1226,218
1227,190
1229,372
1230,448
1231,387
415,41
1233,349
418,201
1235,349
1236,265
1237,105
1238,440
1239,105
1240,9
1241,393
1242,419
1243,413
1244,491
1245,41
1247,52
1248,424
1249,251
426,269
1250,6
1251,336
1252,163
1253,212
1254,578
1255,425
1259,41
1260,95
1261,440
1262,280
1263,836
1264,265
434,419
435,271
1266,128
1267,433
1268,128
1269,118
1270,357
1271,13
1273,378
1274,95
1275,437
1276,397
1278,183
1279,98
1281,294
1282,437
1283,489
1284,298
1285,95
442,353
1287,286
1288,413
1290,25
1291,214
444,98
445,507
1292,130
1293,32
1294,381
1295,95
1297,64
1298,161
449,298
1299,578
1300,214
1302,245
1303,116
1304,214
453,207
1306,23
1307,286
455,457
1308,76
1309,183
1310,273
1311,265
1312,349
1313,338
1314,397
1315,135
1316,503
1318,161
462,135
1320,95
464,473
1321,116
1322,361
465,486
1324,135
1325,1087
1326,13
1328,836
1329,174
1330,245
1331,401
469,414
1332,41
1333,298
471,393
1336,130
1337,209
1339,1
475,298
1341,69
1342,190
1343,395
1345,461
1346,117
478,294
1347,357
479,174
1348,290
1349,190
1350,187
1351,511
1352,248
480,161
1353,280
1354,263
482,308
1355,160
484,163
1356,384
1357,214
1358,23
1359,280
1360,502
488,356
1361,578
1362,56
1363,413
1364,491
1369,277
1370,114
1371,183
494,90
1372,245
1373,345
1374,308
1375,433
1376,118
1377,378
1378,9
1379,273
1380,32
1381,265
500,397
1382,223
1383,336
1384,463
1385,417
1386,66
1387,32
1388,35
1389,386
1391,308
1393,223
1394,41
508,392
1395,133
1396,416
1397,23
1398,407
1399,214
